84
67
28
77
98
1
43
23
66
22
58
26
17
27
100
91
50
60
50
79
66
52
62
26
2
68
53
54
19
82
70
29
10
73
79
19
57
93
71
9
55
77
100
98
89
73
68
21
16
67
80
31
81
62
38
32
84
65
48
65
79
37
94
14
30
18
94
14
59
25
63
11
18
36
48
56
27
28
12
42
70
6
47
82
50
84
12
51
53
52
29
47
66
20
61
52
77
50
99
58
67
23
63
61
46
15
69
51
40
25
22
29
33
69
59
72
64
4
83
61
13
74
34
93
81
46
6
93
44
23
6
79
82
13
19
44
26
33
63
48
58
100
87
23
12
76
67
28
16
11
10
49
37
37
28
77
31
84
89
6
14
44
57
29
14
27
38
22
70
66
71
2
84
83
70
26
96
64
59
20
70
69
49
77
25
36
33
54
65
18
16
98
12
40
3
53
18
14
38
30
60
29
56
71
77
98
38
5
16
44
79
32
80
20
61
28
88
35
21
24
20
69
88
11
50
38
89
75
5
73
37
12
88
52
94
16
65
45
55
10
3
24
89
8
68
95
30
9
80
94
72
9
53
49
46
81
77
52
80
29
1
54
31
51
97
48
85
6
74
83
59
61
61
85
40
31
3
99
72
7
17
88
94
35
26
43
71
6
36
72
27
76
81
2
66
92
2
94
40
10
49
67
82
4
60
64
92
18
79
25
91
9
48
88
22
52
19
49
37
64
85
27
42
40
34
62
20
4
87
26
94
6
33
28
23
53
86
64
29
16
44
34
71
31
37
79
71
30
66
92
61
56
98
68
3
39
56
30
10
2
70
23
39
79
28
75
7
30
14
26
39
97
70
99
76
85
71
40
53
59
80
75
63
51
91
34
87
2
63
14
17
73
65
19
7
51
10
48
65
91
6
100
15
88
47
91
50
95
59
75
16
64
10
28
79
17
55
56
92
88
46
65
27
35
68
96
29
10
26
3
98
42
85
9
73
53
91
5
46
32
77
87
60
68
64
70
91
32
24
55
89
7
40
87
9
48
98
51
73
92
99
85
41
61
31
22
42
77
99
58
20
82
64
24
51
67
65
96
77
72
88
71
45
29
76
1
38
20
99
54
90
18
21
67
8
100
51
39
92
37
41
70
2
100
12
57
8
61
95
66
50
5
81
25
74
18
54
69
53
91
13
62
88
53
52
19
15
55
87
90
84
14
66
60
14
54
27
41
80
68
35
68
20
88
65
42
30
48
93
77